  0.09783900   0.11206300   0.12691200
  0.13774600   0.10105200   0.11390400
  0.12760000   0.13850100   0.10160600
  0.11454500   0.12833100   0.13928000
  0.08510200   0.09996300   0.11454500
  0.12904100   0.14083700   0.08422300
  0.09682100   0.11028100   0.12152300
  0.13626200   0.08336000   0.09109000
  0.10577800   0.11839700   0.13268400
  0.08422300   0.09339300   0.10417700
  0.11600200   0.13197900   0.08599600
  0.09632100   0.10968100   0.12025900
  0.13626200   0.07777300   0.08934000
  0.10313600   0.11660000   0.07739700
  0.08934000   0.10015400   0.11096800
  0.07967200   0.09155400   0.10161500
  0.11205400   0.09064400   0.10063400
  0.11205400   0.08086500   0.09200000
  0.10263600   0.11314100   0.08168100
  0.09292900   0.10365700   0.11484800
  0.12540800   0.09246500   0.10211500
  0.11205400   0.12297400   0.08378300
  0.09387500   0.10263600   0.11258700
  0.12355800   0.08599600   0.09582100
  0.10365700   0.11314100   0.12416600
  0.08599600   0.09435700   0.10313600
  0.11314100   0.12297400  -0.24968500
  0.07495200   0.08422300   0.09064400
  0.10015400   0.11096800   0.12119700
 -0.25989600  -0.24672900  -0.23218200
 -0.04817200  -0.04245900  -0.03705900
  0.08934000   0.09871300   0.10937100
  0.12061300  -0.29670600  -0.27633500
 -0.26143200  -0.24818700  -0.23636000
 -0.22708700  -0.04245900   0.07338200
  0.08293600   0.09109000   0.09871300
  0.10784100   0.11835000  -0.29135100
 -0.27467700  -0.25989600  -0.24672900
 -0.23636000  -0.22987200  -0.04245900
 -0.03697200   0.07262500   0.08293600
  0.09246500   0.10063400   0.10784100
  0.11835000  -0.28623000  -0.26988100
 -0.25686800  -0.24527100  -0.23636000
 -0.22846100  -0.04245900  -0.03705900
  0.07224600   0.08293600   0.09435700
  0.10211500   0.10886100   0.11835000
 -0.28966000  -0.27467700  -0.26143200
 -0.24968500  -0.24065300  -0.23562300
 -0.21882500  -0.20366500   0.07224600
  0.08336000   0.09532100   0.10577800
  0.11096800   0.11946900  -0.14958800
 -0.14487500  -0.13984100  -0.13482800
 -0.12959700  -0.24818700  -0.23919700
 -0.23862500  -0.22729400  -0.21562300
 -0.20918700   0.07188000   0.08251200
  0.09483900   0.10577800   0.11096800
  0.12002900  -0.15020600  -0.14547300
 -0.14074100  -0.08054800  -0.07753600
  0.06102600   0.07262500   0.08378300
  0.09632100   0.10854000   0.11719900
  0.12604000   0.07224600   0.08378300
  0.09682100   0.10968100   0.12349700
  0.13129700   0.07151500   0.08336000
  0.09733900   0.11086200   0.12482800
  0.14003400   0.07151500   0.08293600
  0.09582100   0.10912100   0.12349700
  0.13774600  -0.28305900   0.08336000
  0.09582100   0.10968100   0.12482800
  0.08422300   0.09632100   0.10912100
 -0.12074200   0.07377500   0.08555700
  0.09783900   0.11206300   0.12833100
  0.14241900  -0.10311200  -0.03313200
  0.00303500   0.09837400   0.11266300
 -0.02005600  -0.00856300   0.00300400
  0.07338200   0.08510200   0.09632100
  0.10912100  -0.03095400  -0.02005600
 -0.00865200   0.00306700   0.07377500
  0.08466200   0.09387500   0.10417700
 -0.10516300  -0.02103200  -0.00898100
  0.00315000   0.01433600   0.05156500
  0.06400600   0.07456000   0.08599600
  0.09532100   0.10741900  -0.12904600
 -0.12279600  -0.08172800  -0.07637600
 -0.07134200  -0.06601100   0.00316700
  0.01510300   0.02664700   0.03862700
  0.05074500   0.06231100   0.07338200
  0.08555700   0.09632100   0.10854000
 -0.13871200  -0.13498200  -0.12942100
 -0.12346800  -0.11751400  -0.11095300
 -0.10338400  -0.09437200  -0.08676100
 -0.07968800  -0.07270800  -0.06645200
 -0.06110800  -0.05576300  -0.05057000
 -0.04517000  -0.04000000  -0.03499100
 -0.00948900   0.01502400   0.02664700
  0.03862700   0.05021100   0.07300400
  0.08422300   0.09582100   0.10912100
 -0.16283700  -0.15639100  -0.15266000
 -0.14884200  -0.14343300  -0.13871200
 -0.13286900  -0.12669700  -0.12086800
 -0.11504000  -0.10811900  -0.10104500
 -0.09321500  -0.08700000  -0.08045200
 -0.07321200  -0.06692000  -0.06138700
 -0.05590200  -0.05057000  -0.04517000
 -0.04000000  -0.03499100  -0.02987300
 -0.02460600  -0.01950200  -0.01449200
 -0.00935400  -0.00397300   0.02518600
  0.03763300   0.04892200   0.07151500
  0.08293600   0.09435700   0.10798000
  0.12283200  -0.21082400  -0.16811700
 -0.16370600  -0.15801000  -0.15306500
 -0.14811900  -0.14273800  -0.13696800
 -0.13085400  -0.12477100  -0.11992700
 -0.11474200  -0.10836100  -0.10181200
 -0.09509600  -0.08897200  -0.08226800
 -0.07520200  -0.06804800  -0.06181900
 -0.05601800  -0.05069700  -0.04537700
 -0.04018400  -0.03507900  -0.02993500
 -0.01955000  -0.01459300  -0.00946600
  0.05021100   0.06040100   0.07115000
  0.08251200   0.09339300   0.10469700
  0.13411600   0.14029900   0.14585300
  0.15140700  -0.21560100  -0.21030900
 -0.20401200  -0.19874500  -0.19443200
 -0.18998900  -0.16978800  -0.16407900
 -0.15920900  -0.15427800  -0.14850800
 -0.14305900  -0.13696800  -0.13085400
 -0.12509900  -0.11965800  -0.11388800
 -0.10783500  -0.10181200  -0.09556600
 -0.08965200  -0.08309600  -0.07630000
 -0.06937000  -0.06240200  -0.05655200
 -0.05069700  -0.04517000  -0.04000000
 -0.03475800  -0.02966200  -0.02444200
 -0.01941300  -0.01438500  -0.00930900
  0.04842400   0.06009400   0.07115000
  0.08251200   0.09387500   0.10798000
  0.12214600   0.12858800   0.13474500
  0.14100900   0.14625000   0.15181900
  0.16013700  -0.22143400  -0.21656900
 -0.21125300  -0.20593700  -0.20021300
 -0.19625800  -0.19276900  -0.18827600
 -0.18329400  -0.15427800  -0.14850800
 -0.14236400  -0.13589100  -0.12982200
 -0.12444200  -0.11871700  -0.11329100
 -0.10726800  -0.10104500  -0.09509600
 -0.08917600  -0.08290500  -0.07650800
 -0.06989300  -0.06346700  -0.05750400
 -0.05128600  -0.04558500  -0.04028500
 -0.03515200  -0.02993500  -0.02455400
 -0.01946100   0.07008100   0.08127300
  0.09292900   0.10469700   0.10593600
  0.11117300   0.11638400   0.12214600
  0.12823600   0.13411600   0.14068100
  0.14659100   0.15258500   0.16013700
  0.16883800  -0.29729400  -0.29298300
 -0.28894500  -0.22618600  -0.22089300
 -0.21560100  -0.21030900  -0.20451400
 -0.19874500  -0.19443200  -0.18913900
 -0.18384700  -0.17724200  -0.17326200
 -0.15670500  -0.15162300  -0.14418200
 -0.13696800  -0.13016600  -0.12383100
 -0.11813500  -0.11243800  -0.10674200
 -0.10050900  -0.09462500  -0.08873400
 -0.08290500  -0.07650800  -0.07005800
 -0.06362000  -0.05778200  -0.05189600
 -0.04601900  -0.04065300  -0.03539900
 -0.02993500  -0.02466700  -0.01959800
 -0.01425500   0.00133100   0.00640500
  0.01140300   0.01636700   0.02138500
  0.02628900   0.09516000   0.10019900
  0.10568600   0.11143500   0.11693500
  0.12272400   0.12858800   0.13411600
  0.14029900   0.14659100   0.15258500
  0.16013700   0.16795300   0.17683100
 -0.23251800  -0.22674000  -0.22143400
 -0.21560100  -0.21030900  -0.20401200
 -0.19825600  -0.19347900  -0.18821200
 -0.18294600  -0.17687800  -0.17241300
 -0.16913600  -0.15639100  -0.15346900
 -0.14734000  -0.14161500  -0.13486500
 -0.12884000  -0.12289200  -0.11723800
 -0.11184100  -0.10617500  -0.10001000
 -0.09437200  -0.08853000  -0.08268200
 -0.07668600  -0.07022300  -0.06362000
 -0.05792100  -0.05214900  -0.04635900
 -0.04065300  -0.03523900  -0.03000900
 -0.02471800  -0.01955000  -0.01425500
 -0.00898500  -0.00379100   0.00134000
  0.00641800   0.01148100   0.01648000
  0.02148600   0.02658500   0.03170500
  0.03686200   0.08057200   0.08666000
  0.09448800   0.10019900   0.10593600
  0.11169800   0.11753300   0.12306000
  0.12858800   0.13411600   0.14029900
  0.14659100   0.15258500   0.15934300
  0.16624500   0.17500000  -0.23783400
 -0.23251800  -0.22618600  -0.22035200
 -0.21507300  -0.20927800  -0.20350900
 -0.19825600  -0.19300300  -0.18774900
 -0.18249600  -0.17687800  -0.17163500
 -0.16639200  -0.16148200  -0.15501200
 -0.15219500  -0.14815300  -0.14405800
 -0.13947700  -0.13353100  -0.12756200
 -0.12167000  -0.11575900  -0.11073200
 -0.10540500  -0.09928200  -0.09368500
 -0.08785000  -0.08226800  -0.07650800
 -0.07022300  -0.06377200  -0.05792100
 -0.05227500  -0.04656700  -0.04056900
 -0.03515200  -0.02993500  -0.02466700
 -0.01941300  -0.01415500  -0.00892500
 -0.00378100   0.00133800   0.00640500
  0.01148100   0.01651500   0.02157800
  0.02664200   0.03178600   0.03694100
  0.04251000   0.04787500   0.05328800
  0.05904100   0.06428400   0.06967000
  0.07510800   0.08077000   0.08666000
  0.09422700   0.09996200   0.10593600
  0.11169800   0.11721100   0.12272400
  0.12858800   0.13374900   0.13997200
  0.14585300   0.15181900   0.15818200
  0.16580300   0.17415000  -0.24552200
 -0.23957400  -0.23251800  -0.22563100
 -0.21981100  -0.21401600  -0.20876300
 -0.20258900  -0.19784800  -0.19260600
 -0.18690000  -0.18167000  -0.17644000
 -0.17078600  -0.16556900  -0.16002000
 -0.15442900  -0.15029200  -0.14608100
 -0.14705500  -0.14261200  -0.13776600
 -0.13153000  -0.12628400  -0.12044900
 -0.11549100  -0.11017700  -0.10487900
 -0.09901400  -0.09343200  -0.08764600
 -0.08207700  -0.07630000  -0.06989300
 -0.06346700  -0.05778200  -0.05227500
 -0.04656700  -0.04075300  -0.03539900
 -0.03014600  -0.02478000  -0.01950200
 -0.01422000  -0.00898500  -0.00379900
  0.00134400   0.00643200   0.01148100
  0.01651500   0.02157800   0.02664200
  0.03185400   0.03701900   0.04242100
  0.04799500   0.05353200   0.05916300
  0.06457500   0.07001400   0.07547800
  0.08096800   0.08666000   0.09355600
  0.09944900   0.10543600   0.11143500
  0.11693500   0.12243500   0.12858800
  0.13374900   0.13997200   0.14585300
  0.15181900   0.15775500   0.16498100
 -0.24848700  -0.23735000  -0.23147800
 -0.22563100  -0.21927000  -0.21357600
 -0.20833300  -0.20258900  -0.19687000
 -0.19212900  -0.18643600  -0.18084400
 -0.17563800  -0.17043200  -0.16481500
 -0.15889100  -0.15301500  -0.14787000
 -0.14272400  -0.13821500  -0.13521500
 -0.13183200  -0.12742700  -0.12353300
 -0.11810000  -0.11351900  -0.10881300
 -0.10382600  -0.09828500  -0.09252700
 -0.08700000  -0.08147200  -0.07555800
 -0.06937000  -0.06316300  -0.05764300
 -0.05202200  -0.04635900  -0.04085300
 -0.03539900  -0.03008400  -0.02478000
 -0.01941300  -0.01415500  -0.00894400
 -0.00379900   0.00134400   0.00643200
  0.01148100   0.01651500   0.02157800
  0.02664200   0.03185400   0.03711300
  0.04242100   0.04787500   0.05342100
  0.05916300   0.06457500   0.07001400
  0.07547800   0.08077000   0.08627300
  0.09288400   0.09897600   0.10514500
  0.11117300   0.11693500   0.12243500
  0.12858800   0.13374900   0.13997200
  0.14585300   0.15258500   0.15897600
  0.16706700  -0.25270800  -0.24552200
 -0.23841400  -0.23204500  -0.22507700
 -0.21881900  -0.21304800  -0.20730300
 -0.20166800  -0.19597200  -0.19078000
 -0.18520000  -0.18001800  -0.17483600
 -0.16965400  -0.16406000  -0.15855900
 -0.15269400  -0.14755900  -0.14206500
 -0.13729000  -0.13337900  -0.13028200
 -0.12619500  -0.12205900  -0.11669100
 -0.11186000  -0.10723400  -0.10228700
 -0.09709700  -0.09137000  -0.08550300
 -0.07987900  -0.07410300  -0.06804800
 -0.06227500  -0.05683100  -0.05153800
 -0.04624600  -0.04075300  -0.03539900
 -0.03014600  -0.02478000  -0.01941300
 -0.01415500  -0.00896700  -0.00379900
  0.00134000   0.00643200   0.01148100
  0.01651500   0.02157800   0.02676700
  0.03200200   0.03728600   0.04261700
  0.04821600   0.05366500   0.05930900
  0.06473400   0.07018600   0.07547800
  0.08077000   0.08606300   0.09221300
  0.09873900   0.10489500   0.11117300
  0.11721100   0.12272400   0.12858800
  0.13411600   0.14029900   0.14625000
  0.15370400   0.16099200  -0.25270800
 -0.24433600  -0.23735000  -0.23147800
 -0.22452300  -0.21827800  -0.21207900
 -0.20635800  -0.20074700  -0.19507500
 -0.18950900  -0.18388700  -0.17874200
 -0.17359700  -0.16845100  -0.16296300
 -0.15782800  -0.15198700  -0.14718700
 -0.14176500  -0.13694300  -0.13337900
 -0.12937300  -0.12501600  -0.12063400
 -0.11556300  -0.11078500  -0.10621100
 -0.10107300  -0.09590900  -0.09028500
 -0.08427900  -0.07854100  -0.07288600
 -0.06725000  -0.06197100  -0.05669100
 -0.05141200  -0.04613300  -0.04075300
 -0.03548700  -0.03022000  -0.02478000
 -0.01941300  -0.01419000  -0.00898500
 -0.00379900   0.00134700   0.00644800
  0.01150500   0.01655700   0.02163400
  0.02682300   0.03207000   0.03736400
  0.04270600   0.04809600   0.05353200
  0.05916300   0.06441600   0.07510800
  0.09176500   0.09802900   0.10464500
  0.11117300   0.11693500   0.12272400
  0.12858800   0.13374900   0.13964400
  0.14551300   0.15293900   0.16099200
 -0.23899400  -0.23204500  -0.22507700
 -0.21881900  -0.21252000  -0.20687400
 -0.20074700  -0.19466800  -0.18903300
 -0.18350100  -0.17836700  -0.17323200
 -0.16845100  -0.16296300  -0.15782800
 -0.15230800  -0.14718700  -0.14206500
 -0.13757900  -0.13399100  -0.12969400
 -0.12501600  -0.12033900  -0.11556300
 -0.11078500  -0.10595500  -0.10034400
 -0.09498900  -0.08941700  -0.08366600
 -0.07819100  -0.07253000  -0.06708500
 -0.06197100  -0.05669100  -0.05141200
 -0.04624600  -0.04075300  -0.03548700
 -0.03014600  -0.02478000  -0.01941300
 -0.01419000  -0.00896700  -0.00379900
  0.00134700   0.00644800   0.01150500
  0.01659300   0.02168000   0.02694900
  0.03221900   0.03745900   0.04281300
  0.04821600   0.05353200   0.05904100
  0.10314700   0.11007800   0.11638400
  0.12214600   0.12793500   0.13343500
  0.13964400   0.14585300   0.15370400
 -0.23677000  -0.23034400  -0.22295300
 -0.21728500  -0.21111100  -0.20541400
 -0.19982600  -0.19377100  -0.18816000
 -0.18265200  -0.17671500  -0.17126400
 -0.16689500  -0.16145400  -0.15669900
 -0.15160100  -0.14650300  -0.14206500
 -0.13856100  -0.13460300  -0.12996100
 -0.12501600  -0.12004400  -0.11504600
 -0.11002300  -0.10493100  -0.09916900
 -0.09364700  -0.08836800  -0.08288400
 -0.07761800  -0.07217300  -0.06692000
 -0.06181900  -0.05669100  -0.05153800
 -0.04624600  -0.04075300  -0.03557400
 -0.03022000  -0.02484100  -0.01946100
 -0.01422000  -0.00898500  -0.00380800
  0.00134700   0.00644800   0.01153000
  0.01662800   0.02178100   0.02707400
  0.03244900   0.03771000   0.04301000
  0.04831600   0.05366500   0.05889500
  0.06396600   0.13280500   0.13893400
  0.14517200  -0.22930400  -0.22295300
 -0.21674400  -0.20917400  -0.20352400
 -0.19890500  -0.17671500  -0.17199300
 -0.16654100  -0.16070000  -0.15563600
 -0.15025200  -0.14588200  -0.14140600
 -0.13821500  -0.13460300  -0.12996100
 -0.12501600  -0.12004400  -0.11476500
 -0.11002300  -0.10446200  -0.09868300
 -0.09318700  -0.08753600  -0.08210200
 -0.07707600  -0.07184700  -0.06678200
 -0.06181900  -0.05683100  -0.05153800
 -0.04624600  -0.04075300  -0.03548700
 -0.03014600  -0.02478000  -0.01941300
 -0.01419000  -0.00898500  -0.00381600
  0.00135000   0.00647800   0.01158400
  0.01674800   0.02192800   0.02726700
  0.03266600   0.03797600   0.04320600
  0.04855600   0.05390900   0.05916300
  0.06383300  -0.16470200  -0.15891600
 -0.15464000  -0.14993000  -0.14619300
 -0.14206500  -0.13885000  -0.13426900
 -0.12969400  -0.12501600  -0.11974900
 -0.11448300  -0.10948500  -0.10420600
 -0.09844100  -0.09276500  -0.08731900
 -0.08193200  -0.07688500  -0.07166900
 -0.06661700  -0.06166600  -0.05669100
 -0.05141200  -0.04613300  -0.04075300
 -0.03539900  -0.03014600  -0.02478000
 -0.01941300  -0.01419000  -0.00898500
 -0.00381600   0.00135000   0.00649200
  0.01163700   0.01690300   0.02218600
  0.02758500   0.03305800   0.03843100
  0.04372400   0.04901600   0.05417500
  0.05930900  -0.14338400  -0.13919700
 -0.13493700  -0.13028200  -0.12501600
 -0.12004400  -0.11476500  -0.10948500
 -0.10395000  -0.09823800  -0.09276500
 -0.08713800  -0.08193200  -0.07672600
 -0.07152000  -0.06645200  -0.06154000
 -0.05655200  -0.05128600  -0.04601900
 -0.04075300  -0.03539900  -0.03014600
 -0.02484100  -0.01946100  -0.01425500
 -0.00904900  -0.00383400   0.00135900
  0.00655200   0.01179900   0.01705800
  0.02244400   0.02791500   0.03353200
  0.03888700   0.04413400   0.04935600
  0.05468600   0.05974700  -0.13948600
 -0.13521500  -0.13060300  -0.12501600
 -0.11974900  -0.11448300  -0.10921600
 -0.10369400  -0.09799500  -0.09253500
 -0.08713800  -0.08193200  -0.07688500
 -0.07184700  -0.06678200  -0.06166600
 -0.05669100  -0.05141200  -0.04613300
 -0.04075300  -0.03548700  -0.03014600
 -0.02489200  -0.01950200  -0.01428500
 -0.00906800  -0.00384300   0.00135900
  0.00656800   0.01191100   0.01738200
  0.02304300   0.02865400   0.03418100
  0.03964000   0.04488400   0.04995700
  0.05508500   0.06001500  -0.13554800
 -0.13060300  -0.12532300  -0.11974900
 -0.11448300  -0.10921600  -0.10348100
 -0.09775200  -0.09253500  -0.08713800
 -0.08210200  -0.07688500  -0.07184700
 -0.06678200  -0.06181900  -0.05669100
 -0.05141200  -0.04613300  -0.04085300
 -0.03539900  -0.03014600  -0.02484100
 -0.01955000  -0.01428500  -0.00906800
 -0.00384300   0.00136200   0.00656800
  0.01185700   0.01730400   0.02309800
  0.02893800   0.03443800   0.04003200
  0.04543800   0.05081800   0.05601600
  0.06103700   0.06566200  -0.13554800
 -0.13092300  -0.12532300  -0.11974900
 -0.11420100  -0.10872300  -0.10322500
 -0.09755000  -0.09234400  -0.08692100
 -0.08193200  -0.07672600  -0.07184700
 -0.06678200  -0.06166600  -0.05669100
 -0.05141200  -0.04613300  -0.04075300
 -0.03539900  -0.03014600  -0.02489200
 -0.01955000  -0.01432000  -0.00909100
 -0.00385100   0.00136900   0.00659800
  0.01188200   0.01730400   0.02315300
  0.02887000   0.03435700   0.03993800
  0.04533100   0.05081800   0.05617100
  0.06132900   0.06613900   0.07101700
 -0.13621600  -0.13124400  -0.12563100
 -0.11974900  -0.11420100  -0.10845400
 -0.10296900  -0.09755000  -0.09211400
 -0.08692100  -0.08172800  -0.07653500
 -0.07152000  -0.06661700  -0.06154000
 -0.05641300  -0.05128600  -0.04613300
 -0.04075300  -0.03539900  -0.03014600
 -0.02484100  -0.01955000  -0.01432000
 -0.00909100  -0.00386100   0.00136900
  0.00659800   0.01188200   0.01738200
  0.03451900   0.03993800   0.04533100
  0.05069700   0.05601600   0.06118300
  0.06613900   0.07118900  -0.13682800
 -0.13151200  -0.12593900  -0.12004400
 -0.11448300  -0.10872300  -0.10322500
 -0.09775200  -0.09253500  -0.08713800
 -0.08210200  -0.07672600  -0.07166900
 -0.06661700  -0.06138700  -0.05629700
 -0.05128600  -0.04624600  -0.04095400
 -0.03548700  -0.03022000  -0.02495400
 -0.01963900  -0.01435600  -0.00911300
 -0.00386100   0.00137200   0.05588300
  0.06118300   0.06629800   0.07118900
 -0.14636200  -0.13716100  -0.13215300
 -0.12619500  -0.12063400  -0.11476500
 -0.10921600  -0.10348100  -0.09799500
 -0.09299500  -0.08731900  -0.08268000
 -0.07742700  -0.07235100  -0.06741500
 -0.06212300  -0.05697000  -0.05240100
 -0.04143900  -0.03582100  -0.03029500
 -0.02495400  -0.01968700  -0.01435600
 -0.00911300  -0.00386100   0.00137200
  0.05548400   0.06059900   0.06582100
  0.07067300  -0.14353100  -0.13749500
 -0.13215300  -0.12650300  -0.12063400
 -0.11476500  -0.10921600  -0.09410700
 -0.08858500  -0.08387100  -0.07911500
 -0.07374700  -0.06903900  -0.06377200
 -0.02501500  -0.01968700  -0.01435600
 -0.00911300  -0.00386100   0.00137500
  0.06045300   0.06550300   0.07067300
 -0.14353100  -0.13782900  -0.13247400
 -0.12681100  -0.12087900  -0.11556300
 -0.07555800  -0.07022300  -0.01435600
  0.00137200   0.06193700   0.06550300
 -0.14387700  -0.13782900  -0.13247400
 -0.12711900  -0.12146900  -0.00387100
  0.00137800   0.06016100   0.06534400
 -0.14997700  -0.14387700  -0.13782900
 -0.13247400  -0.12711900   0.00137500
  0.00662800  -0.15033700  -0.14387700
 -0.13816300  -0.13279500   0.00138200
  0.00664500   0.05101100  -0.05636000
 -0.15069700  -0.14422400  -0.13849600
  0.00138200   0.00662800   0.01188200
  0.01717800   0.02261000   0.03393800
  0.05043700   0.05561700   0.06089100
  0.06613900   0.07153300  -0.05629600
 -0.15069700  -0.14457100  -0.13849600
 -0.00389800   0.00138200   0.00664500
  0.01191100   0.01726200   0.02276600
  0.02865400   0.03401900   0.03954600
  0.04509900   0.05031700   0.05561700
  0.06089100   0.06613900   0.07136100
 -0.05629600  -0.15069700  -0.14526400
 -0.00917700  -0.00388800   0.00137800
  0.00664500   0.01188200   0.01717800
  0.02261000   0.02810800   0.03361300
  0.03916900   0.04467000   0.04995700
  0.05535100   0.06059900   0.06582100
 -0.05629600  -0.15141600  -0.14561100
 -0.01449200  -0.00917700  -0.00388800
  0.00137800   0.00664500   0.01188200
  0.01717800   0.02249900   0.02817700
  0.03369400   0.03926300   0.04488400
  0.05019700   0.05561700   0.06103700
  0.06613900  -0.15768200  -0.15141600
 -0.14561100  -0.14016500  -0.08166300
 -0.02537400  -0.01987300  -0.01449200
 -0.00917700  -0.00388800   0.00137500
  0.00662800   0.01185700   0.01713500
  0.02244400   0.02797200   0.03328800
  0.03898100   0.04456300   0.05007700
  0.05548400   0.06089100  -0.16477600
 -0.15805500  -0.15183600  -0.14595700
 -0.14016500  -0.13439800  -0.12865800
 -0.09805500  -0.09252700  -0.08700000
 -0.08166300  -0.07612200  -0.03195600
 -0.02593700  -0.01992200  -0.01445600
 -0.00915500  -0.00387900   0.00137200
  0.00661500   0.01182800   0.01710000
  0.02234300   0.02771000   0.03305800
  0.03869800   0.04413400   0.04971700
  0.05521800   0.06059900  -0.16355500
 -0.15731000  -0.15141600  -0.14561100
 -0.14016500  -0.13439800  -0.12865800
 -0.12294300  -0.11725400  -0.11186000
 -0.10697800  -0.10257100  -0.09755700
 -0.09227400  -0.08676100  -0.08166300
 -0.07612200  -0.07074600  -0.02001900
 -0.01452700  -0.00917700  -0.00387900
  0.00136900   0.00659800   0.01179900
  0.02758500   0.03282800   0.04995700
  0.05561700   0.06089100  -0.16117700
 -0.15575700  -0.15033700  -0.14526400
 -0.13949700  -0.13375700  -0.12804200
 -0.12205900  -0.11640900  -0.11051600
 -0.10518700  -0.10131600  -0.09682900
 -0.09162300  -0.08614900  -0.08124900
 -0.07594400  -0.07074600  -0.01445600
 -0.00913200   0.00658200   0.01174500
  0.01690300   0.02203000   0.02719900
  0.03244900   0.04995700   0.05561700
  0.06089100  -0.15352100  -0.14925800
 -0.14457100  -0.13883000  -0.13343600
 -0.12773400  -0.12146900  -0.11584500
 -0.10975400  -0.10420600  -0.10034400
 -0.09636900  -0.09137000  -0.08635300
 -0.08124900  -0.07630000   0.00653800
  0.01169100   0.01682500   0.02188200
  0.02694900   0.03200200   0.05093800
  0.05657000   0.06193700  -0.15277600
 -0.14853900  -0.14422400  -0.13849600
 -0.13311500  -0.12742700  -0.12117400
 -0.11532800  -0.10948500  -0.10369400
 -0.09961500  -0.09567900  -0.09093600
 -0.08614900  -0.08147200   0.00135900
  0.00653800   0.01172100   0.01686000
  0.02188200   0.02689200   0.04543800
  0.05131800   0.05699200   0.06240000
  0.06844400  -0.15855900  -0.15700000
 -0.15246500  -0.14817900  -0.14353100
 -0.13816300  -0.13247400  -0.12650300
 -0.12117400  -0.11532800  -0.10921600
 -0.10322500  -0.09916900  -0.09498900
  0.00135900   0.00653800   0.01169100
  0.01686000   0.02188200   0.02676700
  0.03178600   0.05169800   0.05728000
  0.06271600  -0.15172000  -0.14817900
 -0.14318400  -0.13716100  -0.13124400
 -0.12563100  -0.11974900  -0.11340200
 -0.10670700   0.00135600   0.00652200
  0.01169100   0.01686000   0.02188200
 -0.15656600  -0.15209300  -0.14782000
 -0.14283700  -0.13621600  -0.13028200
 -0.12501600  -0.11891400  -0.11265100
 -0.00381600   0.00135300   0.00650800
  0.01169100   0.01686000   0.02188200
 -0.14318400  -0.13655000  -0.13028200
 -0.12414300  -0.00380800   0.00135000
  0.00649200   0.01158400   0.01667000
 -0.10495600  -0.14088800   0.00650800
 -0.13916400  -0.05702900  -0.05006700
  0.19996600   0.20035600   0.20073700
  0.19958900   0.19997700   0.20035600
  0.19881800   0.19958900   0.19997700
  0.25235600  -0.11902500  -0.11533100
 -0.11994000  -0.11643400  -0.08415600
 -0.08163800   0.02393800   0.02409800
  0.04345400   0.04439800   0.04538100
  0.04488100   0.05711300   0.05742600
  0.05806100   0.05742600   0.06972400
  0.07011600   0.07090000   0.07011600
  0.07816000   0.08069600   0.08248300
  0.08386700   0.08340600   0.08895100
  0.08987900   0.09132100   0.09082400
  0.09279600   0.09951900   0.09558400
  0.09901300   0.10002400   0.10214100
  0.11214700   0.10930500   0.10876200
  0.10930500   0.11331700   0.12635100
  0.12439100   0.12635100   0.12503700
  0.12909500   0.12497900   0.12619000
  0.12994700   0.13259500   0.13503200
  0.13700300   0.13700300   0.13700300
  0.14997300   0.15148000   0.14997300
  0.14926400   0.16094500   0.15939200
  0.16018400   0.17449000   0.17449000
  0.17364300   0.17276300   0.18749900
  0.18749900   0.18656200   0.18656200
  0.18562600   0.19775400   0.19481400
  0.19294300   0.19294300   0.21540100
  0.21213300   0.20688900   0.20483100
  0.20483100   0.23293200   0.22812900
  0.22013800   0.21686500   0.21686500
  0.24477500   0.23606500   0.23016900
  0.22789100   0.22570200   0.28874100
  0.25938000   0.25132600   0.23774600
  0.23432700   0.23432700   0.23320300
  0.29849000   0.29849000   0.29672600
  0.12497100   0.12438300   0.12467700
  0.24514100   0.24161400   0.24161400
  0.24278900   0.32306300   0.31539100
  0.31349800   0.31349800   0.31539100
  0.32112000   0.12987000   0.27738600
  0.27032800   0.26096700   0.25227200
  0.24874200   0.24874200   0.33063500
  0.32674300   0.32482400   0.32482400
  0.32871600   0.33879200   0.13535700
  0.13535700   0.28612000   0.28174900
  0.27609800   0.26804800   0.25925200
  0.25925200   0.33799100   0.33405300
  0.33405300   0.33599400   0.34204100
  0.35036100   0.14084400   0.14117600
  0.29616500   0.29317000   0.29317000
  0.28301800   0.27231200   0.26976100
  0.35536500   0.35323300   0.35323300
  0.35536500   0.36182000   0.37542200
  0.37081100   0.39536300   0.30770300
  0.30614700   0.30770300   0.30459100
  0.28839600   0.28292100   0.13041100
  0.13041100   0.13011200   0.12981300
  0.12927500   0.36647800   0.37311500
  0.39446200   0.39960400   0.40480600
  0.42130900   0.31762600   0.31439700
  0.31762600   0.31601200   0.29921000
  0.29490400   0.13568200   0.13568200
  0.13568200   0.08636500   0.08636500
  0.33251300   0.33251300   0.33077800
  0.33424800   0.33598300   0.32743300
  0.32086500   0.34231600   0.34231600
  0.34770200   0.35135600   0.35706300
  0.34590700   0.35027500   0.35206400
  0.36134300   0.36710900   0.37307400
  0.38135900   0.36169600   0.36169600
  0.36730800   0.37312500   0.38113200
  0.38736000   0.29136300   0.37502300
  0.37890600   0.38688400   0.39740300
  0.39050400   0.39254100   0.39668900
  0.47904600   0.40847100   0.40847100
  0.41056800   0.41948400   0.43356900
  0.43843900   0.47528900   0.43158400
  0.41370000   0.42472300   0.43389600
  0.42308000   0.42529900   0.42094000
  0.42973600   0.42973600   0.42751800
  0.43203400   0.42582600   0.43461800
  0.44145600   0.44145600   0.44381600
  0.43917600   0.42802400   0.42370900
  0.46537500   0.46788200   0.47038900
  0.46537500   0.43938600   0.46788200
  0.47038900   0.46044500   0.45793800
  0.44615500   0.44849500   0.23549000
  0.23489000   0.20600000   0.20557200
  0.20600000   0.20557200   0.47998200
  0.47483800   0.46738000   0.46978000
  0.47235200   0.46978000   0.46489400
  0.46738000   0.46249400   0.46489400
  0.23764700   0.24142700   0.24213000
  0.24213000   0.24213000   0.24081100
  0.23703200   0.22929800   0.22420100
  0.21989400   0.21523600   0.21216000
  0.21172100   0.21119300   0.21119300
  0.21022700   0.21022700   0.21119300
  0.22200300   0.48425900   0.47916200
  0.48162300   0.47916200   0.47415200
  0.47169100   0.47169100   0.47916200
  0.23610700   0.23493600   0.23790800
  0.24096900   0.24160000   0.24349100
  0.24349100   0.24286100   0.24286100
  0.24286100   0.24042900   0.23736800
  0.23205500   0.23034400   0.22746200
  0.22205900   0.21890800   0.21791700
  0.21692700   0.21638600   0.21539600
  0.21539600   0.21638600   0.21692700
  0.21638600   0.21737700   0.22052900
  0.22422000   0.22422000   0.46401900
  0.48076800   0.47833700   0.47590600
  0.47590600   0.47590600   0.48581100
  0.49877800   0.22637400   0.24122000
  0.24306400   0.24306400   0.24426300
  0.24555400   0.24619900   0.24619900
  0.24555400   0.24490800   0.24675200
  0.24804300   0.24675200   0.24490800
  0.24241900   0.24122000   0.23817700
  0.23356600   0.22794200   0.22471400
  0.22259400   0.22213200   0.22157900
  0.22157900   0.22213200   0.22259400
  0.22314700   0.22738800   0.23236800
  0.50272600   0.48981600   0.48483700
  0.48483700   0.48234700   0.48234700
  0.23587200   0.23697800   0.23697800
  0.23697800   0.23111300   0.23111300
  0.22998100   0.22998100   0.23111300
  0.23215100   0.24932700   0.24932700
  0.25064800   0.25196900   0.25196900
  0.25253500   0.25196900   0.25130800
  0.25130800   0.25196900   0.25196900
  0.25130800   0.25064800   0.24932700
  0.24876000   0.24621200   0.24253200
  0.23781400   0.23215100   0.22998100
  0.22733800   0.22573400   0.22573400
  0.22526200   0.22573400   0.22526200
  0.22677200   0.22941500   0.23385000
  0.49620000   0.49874800   0.49620000
  0.49620000   0.49620000   0.50912900
  0.23960700   0.24140000   0.24253200
  0.24375900   0.24319300   0.24319300
  0.24743900   0.23698500   0.23746700
  0.23746700   0.23746700   0.23698500
  0.23862600   0.24094300   0.24210100
  0.24268000   0.25773900   0.25773900
  0.25706300   0.25571200   0.25503600
  0.25571200   0.25571200   0.25638800
  0.25571200   0.25445700   0.25378100
  0.25310500   0.25127100   0.24876200
  0.24509300   0.24152200   0.23920500
  0.23524700   0.23302700   0.23254400
  0.23302700   0.23302700   0.23148200
  0.23254400   0.49993600   0.49993600
  0.50244600   0.50495600   0.24567300
  0.24509300   0.24451400   0.24509300
  0.24625200   0.24692700   0.24876200
  0.24934100   0.25001600   0.25310500
  0.25773900   0.11833200   0.11764100
  0.11704900   0.24169800   0.24169800
  0.24169800   0.24169800   0.24110600
  0.24051400   0.24169800   0.24169800
  0.24169800   0.23992100   0.24169800
  0.26765400   0.26903600   0.26617400
  0.26350900   0.26143600   0.26015300
  0.26015300   0.26015300   0.26015300
  0.25877200   0.25818000   0.25748900
  0.25689700   0.25433100   0.25117200
  0.24752100   0.24574400   0.24337600
  0.24051400   0.23992100   0.23992100
  0.23824400   0.23775000   0.23942800
  0.23775000   0.23232200   0.23182900
  0.23025000   0.22916400   0.22916400
  0.22817700   0.25176500   0.25058000
  0.25058000   0.25117200   0.25117200
  0.25176500   0.25245500   0.25245500
  0.25364000   0.25492300   0.25561400
  0.25877200   0.26212700   0.26686400
  0.24810000   0.24759500   0.24759500
  0.24699000   0.24699000   0.24578000
  0.24517500   0.24578000   0.24578000
  0.24578000   0.24467100   0.24578000
  0.24870500   0.26312700   0.26786700
  0.26716100   0.26716100   0.26514400
  0.26443800   0.26383300   0.26383300
  0.26443800   0.26443800   0.26312700
  0.26312700   0.26252200   0.26181600
  0.26050500   0.25727700   0.25294100
  0.25173000   0.24991500   0.24759500
  0.24517500   0.24406500   0.24406500
  0.24346000   0.24406500   0.24295600
  0.24124200   0.23962800   0.23902300
  0.23740900   0.23690500   0.23579500
  0.23529100   0.23579500   0.23630000
  0.23690500   0.24638500   0.24870500
  0.25546200   0.25606700   0.25667200
  0.25727700   0.25798300   0.25798300
  0.25798300   0.25798300   0.25919400
  0.26050500   0.26121100   0.26312700
  0.26514400   0.26988400   0.25341600
  0.25341600   0.25228300   0.25166400
  0.25166400   0.25104600   0.25042800
  0.25042800   0.25042800   0.25042800
  0.25042800   0.24991300   0.24991300
  0.24991300   0.25042800   0.25712400
  0.26155400   0.26412900   0.26680800
  0.26876500   0.26814700   0.26742600
  0.26680800   0.26608700   0.26742600
  0.26814700   0.26680800   0.26680800
  0.26608700   0.26608700   0.26546800
  0.26279000   0.25897900   0.25712400
  0.25588800   0.25403400   0.24991300
  0.24867700   0.24867700   0.24816200
  0.24754400   0.24641100   0.24476200
  0.24414400   0.24362900   0.24198100
  0.24198100   0.24136300   0.24136300
  0.24136300   0.24198100   0.24249600
  0.24527800   0.24641100   0.24754400
  0.24991300   0.24991300   0.25042800
  0.25104600   0.25228300   0.25403400
  0.26021500   0.26093600   0.26217200
  0.26279000   0.26279000   0.26279000
  0.26351100   0.26279000   0.26412900
  0.26474700   0.26546800   0.26680800
  0.27010400   0.27432800   0.26125600
  0.26062500   0.25873200   0.25694400
  0.25631300   0.25568200   0.25568200
  0.25452500   0.25515600   0.25515600
  0.25452500   0.25452500   0.25452500
  0.25389400   0.25389400   0.25336800
  0.25273700   0.25452500   0.25631300
  0.26767200   0.26967000   0.27103700
  0.26967000   0.27030100   0.26967000
  0.27103700   0.27166800   0.27240500
  0.27166800   0.27166800   0.27103700
  0.27103700   0.27030100   0.26704100
  0.26314900   0.26188700   0.26125600
  0.25936300   0.25631300   0.25568200
  0.25568200   0.25452500   0.25389400
  0.25273700   0.25158000   0.25042300
  0.24989700   0.24810900   0.24705700
  0.24642600   0.24642600   0.24642600
  0.24758300   0.24810900   0.24989700
  0.25221100   0.25389400   0.25568200
  0.25631300   0.25694400   0.25757500
  0.25820600   0.25936300   0.26378000
  0.26504200   0.26641000   0.26767200
  0.26767200   0.26767200   0.26903900
  0.26830300   0.26967000   0.27030100
  0.27103700   0.27166800   0.27440300
  0.26984400   0.26351100   0.26286700
  0.26222300   0.26093500   0.26039900
  0.26039900   0.25975400   0.25911000
  0.25975400   0.25911000   0.25857400
  0.25857400   0.25857400   0.25793000
  0.25674900   0.25556800   0.25556800
  0.25556800   0.25674900   0.26093500
  0.26469200   0.26662400   0.26984400
  0.26984400   0.27188400   0.27381600
  0.27521100   0.27521100   0.27456700
  0.27456700   0.27456700   0.27317200
  0.27048800   0.26726800   0.26662400
  0.26533600   0.26351100   0.26222300
  0.26093500   0.26039900   0.25975400
  0.25793000   0.25674900   0.25556800
  0.25556800   0.25503200   0.25320700
  0.25213400   0.25149000   0.25149000
  0.25149000   0.25267000   0.25385100
  0.25503200   0.25674900   0.25857400
  0.26093500   0.26157900   0.26222300
  0.26286700   0.26286700   0.26351100
  0.26726800   0.26920000   0.27113200
  0.27252800   0.27317200   0.27317200
  0.27456700   0.27381600   0.27521100
  0.27585500   0.27800200   0.27939700
  0.28358300   0.27396300   0.27199200
  0.27002100   0.26881700   0.26684600
  0.26564100   0.26498400   0.26432700
  0.26378000   0.26312300   0.26312300
  0.26257500   0.26257500   0.26257500
  0.26257500   0.26191800   0.26137100
  0.26016600   0.26016600   0.25950900
  0.26016600   0.26257500   0.26684600
  0.26936400   0.27199200   0.27199200
  0.27330600   0.27527700   0.27659100
  0.27735700   0.27659100   0.27527700
  0.27462000   0.27330600   0.27067800
  0.26881700   0.26816000   0.26816000
  0.26816000   0.26684600   0.26618900
  0.26618900   0.26498400   0.26312300
  0.26191800   0.26137100   0.26071400
  0.25950900   0.25830500   0.25721000
  0.25655300   0.25655300   0.25775700
  0.25896200   0.26016600   0.26137100
  0.26378000   0.26498400   0.26684600
  0.26750300   0.26816000   0.26816000
  0.26816000   0.26816000   0.27067800
  0.27396300   0.27593400   0.27801400
  0.27932800   0.27932800   0.28009500
  0.28009500   0.28140900   0.28217500
  0.28567900   0.28863600   0.27937000
  0.27602000   0.27412200   0.27345200
  0.27144200   0.27021400   0.26898600
  0.26831600   0.26775700   0.26708700
  0.26652900   0.26585900   0.26585900
  0.26585900   0.26585900   0.26530100
  0.26530100   0.26407300   0.26463100
  0.26407300   0.26463100   0.26775700
  0.27021400   0.27211200   0.27412200
  0.27468000   0.27602000   0.27803000
  0.27870000   0.27937000   0.27870000
  0.27669000   0.27535000   0.27412200
  0.27278200   0.27278200   0.27278200
  0.27278200   0.27278200   0.27211200
  0.27211200   0.27211200   0.27021400
  0.26831600   0.26775700   0.26708700
  0.26585900   0.26585900   0.26407300
  0.26284400   0.26228600   0.26228600
  0.26340300   0.26463100   0.26585900
  0.26708700   0.26831600   0.26954400
  0.27144200   0.27144200   0.27211200
  0.27468000   0.27736000   0.28071000
  0.28350100   0.28417100   0.28484100
  0.28562300   0.28484100   0.28562300
  0.28629300   0.28986600   0.29433200
  0.28136200   0.27942700   0.27737800
  0.27612600   0.27476100   0.27419100
  0.27293900   0.27168700   0.27100500
  0.27043500   0.27043500   0.27043500
  0.27100500   0.27043500   0.27043500
  0.26975300   0.26975300   0.26975300
  0.27100500   0.27419100   0.27612600
  0.27737800   0.27874400   0.27999600
  0.28136200   0.28272800   0.28204500
  0.28204500   0.28136200   0.27999600
  0.27942700   0.27806100   0.27737800
  0.27806100   0.27806100   0.27806100
  0.27874400   0.27737800   0.27737800
  0.27669600   0.27544300   0.27350900
  0.27293900   0.27168700   0.27100500
  0.27100500   0.26918300   0.26793100
  0.26793100   0.26793100   0.26975300
  0.27100500   0.27168700   0.27293900
  0.27419100   0.27476100   0.27612600
  0.28204500   0.28614300   0.28830500
  0.28898800   0.28967100   0.28967100
  0.29115100   0.29251600   0.29695500
  0.28403700   0.28264500   0.27997700
  0.27939700   0.27812200   0.27742600
  0.27684600   0.27557000   0.27487400
  0.27429400   0.27301800   0.27243900
  0.27359800   0.27301800   0.27359800
  0.27359800   0.27359800   0.27487400
  0.27812200   0.28067300   0.28194900
  0.28264500   0.28334100   0.28403700
  0.28473300   0.28531200   0.28403700
  0.28334100   0.28334100   0.28264500
  0.28264500   0.28194900   0.28194900
  0.28264500   0.28334100   0.28403700
  0.28403700   0.28264500   0.28334100
  0.28264500   0.28136900   0.27939700
  0.27870200   0.27742600   0.27684600
  0.27615000   0.27429400   0.27359800
  0.27359800   0.27429400   0.27615000
  0.27812200   0.27870200   0.27939700
  0.27997700   0.28067300   0.28067300
  0.27997700   0.29377900   0.29517100
  0.29667900   0.28661200   0.28519400
  0.28389400   0.28070500   0.27999600
  0.28070500   0.27810500   0.27869600
  0.27810500   0.27680600   0.27680600
  0.27621500   0.27751500   0.27869600
  0.28259500   0.28590300   0.28720200
  0.28791100   0.28862000   0.28862000
  0.29003800   0.28932900   0.28791100
  0.28720200   0.28590300   0.28519400
  0.28590300   0.28590300   0.28661200
  0.28791100   0.28932900   0.28932900
  0.28932900   0.28791100   0.28791100
  0.28720200   0.28590300   0.28389400
  0.28330400   0.28259500   0.28259500
  0.28200400   0.28070500   0.27999600
  0.28070500   0.28129500   0.28330400
  0.28519400   0.28590300   0.28590300
  0.28661200   0.28720200   0.28720200
  0.28460300   0.28006500   0.27874100
  0.28006500   0.28066600   0.28319300
  0.28511700   0.28908700   0.29041100
  0.29185400   0.29317800   0.29317800
  0.29317800   0.29389900   0.29389900
  0.29245600   0.29113300   0.29041100
  0.28980900   0.29041100   0.29041100
  0.29113300   0.29245600   0.29389900
  0.29389900   0.29389900   0.29317800
  0.29245600   0.29245600   0.29113300
  0.28908700   0.28848600   0.28776400
  0.28776400   0.28716300   0.28644100
  0.28644100   0.28848600   0.28980900
  0.29185400   0.29389900   0.29462100
  0.29462100   0.29462100   0.29389900
  0.29317800   0.29293300   0.29501500
  0.29709700   0.29844400   0.29844400
  0.29917900   0.29917900   0.29917900
  0.29844400   0.29709700   0.29636200
  0.29501500   0.29501500   0.29501500
  0.29501500   0.29562700   0.29709700
  0.29844400   0.29844400   0.29844400
  0.29844400   0.29770900   0.29770900
  0.29709700   0.29501500   0.29501500
  0.29501500   0.29428000   0.29428000
  0.29428000   0.29562700   0.29636200
  0.29844400   0.30064800   0.30346500
  0.30346500   0.30273000   0.30199600
  0.30199600   0.30064800   0.30084400
  0.30296300   0.30445800   0.30371000
  0.30371000   0.30371000   0.30371000
  0.30296300   0.30159200   0.30084400
  0.30022100   0.30022100   0.30084400
  0.30159200   0.30234000   0.30296300
  0.30445800   0.30445800   0.30445800
  0.30371000   0.30371000   0.30296300
  0.30296300   0.30084400   0.30084400
  0.30084400   0.30022100   0.29947300
  0.30022100   0.30371000   0.30732500
  0.31181100   0.31405400   0.31480200
  0.31480200   0.31330700   0.31106300
  0.30956800   0.30732500   0.30897700
  0.30973800   0.30973800   0.30897700
  0.30897700   0.30897700   0.30758200
  0.30606100   0.30606100   0.30542700
  0.30606100   0.30606100   0.30682200
  0.30758200   0.30897700   0.30973800
  0.30973800   0.30973800   0.30973800
  0.30821600   0.30821600   0.30758200
  0.30682200   0.30606100   0.30606100
  0.30542700   0.30542700   0.30542700
  0.30758200   0.31125900   0.31797900
  0.32267000   0.32267000   0.32343000
  0.32267000   0.32190900   0.32026100
  0.31797900   0.31417500   0.31424300
  0.31579100   0.31501700   0.31424300
  0.31347000   0.31282500   0.31205100
  0.31063300   0.31063300   0.30985900
  0.31063300   0.31063300   0.31205100
  0.31282500   0.31347000   0.31501700
  0.31501700   0.31501700   0.31424300
  0.31347000   0.31347000   0.31347000
  0.31205100   0.31205100   0.31205100
  0.31127800   0.31205100   0.31205100
  0.31347000   0.31656400   0.32417200
  0.32739600   0.32739600   0.32817000
  0.32739600   0.32739600   0.32662200
  0.32494600   0.32185100   0.31953000
  0.32108300   0.32187000   0.32108300
  0.31951000   0.31872300   0.31728100
  0.31649400   0.31583900   0.31505200
  0.31505200   0.31505200   0.31505200
  0.31583900   0.31728100   0.31806800
  0.31872300   0.31951000   0.32029600
  0.31951000   0.31872300   0.31872300
  0.31806800   0.31728100   0.31728100
  0.31728100   0.31728100   0.31728100
  0.31728100   0.31872300   0.32331200
  0.33445600   0.33366900   0.33288300
  0.33209600   0.33117800   0.32960500
  0.32724500   0.32567200   0.32784100
  0.32784100   0.32717500   0.32557600
  0.32477600   0.32331000   0.32251100
  0.32171100   0.32171100   0.32104500
  0.32171100   0.32104500   0.32171100
  0.32251100   0.32251100   0.32331000
  0.32477600   0.32637500   0.32637500
  0.32477600   0.32477600   0.32477600
  0.32397700   0.32331000   0.32331000
  0.32251100   0.32331000   0.33583700
  0.33503800   0.33343900   0.33104000
  0.34304400   0.33397000   0.33478300
  0.33315700   0.33248000   0.33085500
  0.33004300   0.32855300   0.32774000
  0.32855300   0.32692800   0.32923000
  0.32923000   0.33004300   0.33166800
  0.33166800   0.33248000   0.33722000
  0.33559500   0.33315700   0.33085500
  0.33004300   0.33004300   0.32855300
  0.32855300   0.32774000   0.32855300
  0.33884500   0.33722000   0.33640800
  0.33397000   0.34177600   0.34012500
  0.34012500   0.33929900   0.33778600
  0.33613400   0.33530900   0.33778600
  0.33696000   0.33929900   0.34177600
  0.34177600   0.34507800   0.34590300
  0.33613400   0.33530900   0.33379500
  0.33379500   0.33297000   0.33448300
  0.34177600   0.34012500   0.33929900
  0.34714400   0.34630500   0.34630500
  0.34546700   0.34379000   0.34379000
  0.35566900   0.35650700   0.33903800
  0.33903800   0.35566900   0.34546700
  0.35336300   0.35166000   0.35166000
  0.35166000   0.35080900   0.34428100
  0.34584200   0.35080900   0.34995700
  0.36047300   0.35874400   0.35701500
  0.35701500   0.35701500   0.35024400
  0.35024400   0.36675700   0.36412500
  0.36324800   0.36324800   0.35725200
  0.35637500   0.17036400   0.13014300
  0.37306700   0.37039600   0.36950600
  0.36253100   0.36075100   0.36075100
  0.36164100   0.36431200   0.37217700
  0.37395800   0.37217700   0.37128700
  0.37039600   0.37039600   0.13188800
  0.37850000   0.37669400   0.37488700
  0.36781100   0.36781100   0.36690700
  0.36690700   0.36871400   0.37217700
  0.37940400   0.37850000   0.37940400
  0.38030700   0.37850000   0.37759700
  0.37669400   0.37579000   0.37488700
  0.13378100   0.38393300   0.38393300
  0.37309000   0.37217400   0.37217400
  0.37217400   0.37125800   0.37217400
  0.37492300   0.37751900   0.37935200
  0.38118400   0.38210000   0.38118400
  0.38118400   0.38026800   0.37935200
  0.13567400   0.39122400   0.39029500
  0.37929900   0.37836900   0.37744000
  0.37744000   0.37744000   0.37651100
  0.37744000   0.37836900   0.38379000
  0.38564900   0.38750700   0.38936600
  0.38843700   0.38843700   0.38843700
  0.38657800   0.39872500   0.39668300
  0.39574100   0.39574100   0.40265100
  0.38914500   0.38631900   0.38459100
  0.38364900   0.38270700   0.38176400
  0.38176400   0.38097900   0.38176400
  0.38270700   0.38631900   0.38631900
  0.39008800   0.39197200   0.39291400
  0.39291400   0.39291400   0.40819200
  0.40516700   0.40325600   0.40214200
  0.40118700   0.40023200   0.39927600
  0.40723600   0.40723600   0.40723600
  0.40819200   0.40819200   0.41026100
  0.40325600   0.39259000   0.38892800
  0.38797300   0.38701800   0.38622200
  0.38622200   0.38526700   0.38622200
  0.38622200   0.38797300   0.38892800
  0.39259000   0.39354500   0.39545600
  0.39641100   0.39641100   0.41066700
  0.40873000   0.40760100   0.40663300
  0.40663300   0.40566400   0.40469600
  0.40372800   0.40276000   0.40276000
  0.40469600   0.40873000   0.41066700
  0.41163500   0.41163500   0.41373200
  0.41373200   0.41470100   0.39985500
  0.39614400   0.39420800   0.39227100
  0.39049600   0.39049600   0.38952800
  0.39146400   0.39146400   0.40276000
  0.40469600   0.40372800   0.41011600
  0.41011600   0.41011600   0.41109700
  0.41011600   0.40913500   0.40815400
  0.40619100   0.40521000   0.40324800
  0.40324800   0.40913500   0.41305900
  0.41420400   0.41420400   0.41714800
  0.41829200   0.42025400   0.39948700
  0.39752500   0.39474500   0.39294600
  0.39212800   0.39114700   0.39114700
  0.39212800   0.40815400   0.41011600
  0.40913500   0.40957100   0.41255400
  0.41454200   0.41354800   0.41354800
  0.41255400   0.40957100   0.40857700
  0.40576000   0.40476600   0.41056500
  0.41653000   0.41851800   0.42067200
  0.42266000   0.42580800   0.39731100
  0.39631700   0.39548800   0.39366600
  0.39267100   0.39184300   0.42166600
  0.42266000   0.42166600   0.41289900
  0.41592000   0.41894200   0.41793400
  0.41793400   0.41692700   0.41390600
  0.41206000   0.41004600   0.40803200
  0.41289900   0.41894200   0.42196300
  0.42515200   0.42934800   0.40333200
  0.40249300   0.40249300   0.40148600
  0.39880000   0.39695400   0.42716600
  0.43035500   0.43136200   0.43035500
  0.43354400   0.40580500   0.41532500
  0.41736500   0.42025500   0.42229500
  0.42229500   0.42127500   0.41923500
  0.41923500   0.41736500   0.41430500
  0.41141500   0.41634500   0.42127500
  0.40852500   0.40767500   0.40665500
  0.40665500   0.40393500   0.40019500
  0.39934500   0.43912600   0.43912600
  0.43810600   0.42060400   0.42559700
  0.42663000   0.42456400   0.42267100
  0.42163800   0.41957100   0.41561200
  0.40993000   0.41285700   0.41182400
  0.41182400   0.41182400   0.40906900
  0.38578800   0.42693000   0.42989300
  0.43093900   0.42693000   0.42483800
  0.42483800   0.42187400   0.41803900
  0.41699300   0.41699300   0.41612200
  0.41699300   0.41699300   0.41420400
  0.43734000   0.43328100   0.43010400
  0.42710400   0.42128000   0.42128000
  0.42022100   0.41828000   0.41739700
  0.30191900   0.45252100   0.42643800
  0.45779700   0.58520800   0.58017000
  0.10289600   0.10250800   0.10212100
  0.10384700   0.10345600   0.10306400
  0.10519100   0.10499300   0.10459700
  0.28089100   0.47235000   0.46920500
  0.54257300   0.54187400   0.43133000
  0.43203300   0.42301700   0.42844800
  5.48000000   5.59900000   5.72300000
  5.66000000   5.66000000   5.69100000
  5.75400000   5.69100000   5.69100000
  5.72300000   5.78700000   5.72300000
  5.42300000   5.59900000   5.72300000
  5.81900000   5.78700000   5.36700000
  5.42300000   5.51000000   5.48000000
  5.59900000   5.31200000   5.10200000
  5.28500000   5.33900000   5.45200000
  5.36700000   5.23100000   5.20500000
  5.23100000   5.42300000   5.48000000
  5.39500000   5.48000000   5.42300000
  5.59900000   4.95600000   5.00400000
  5.15300000   5.25800000   4.93200000
  5.00400000   5.00400000   5.00400000
  5.07700000   5.12800000   5.07700000
  5.05300000   5.07700000   5.02800000
  5.05300000   5.15300000   5.15300000
  5.12800000   5.10200000   5.20500000
  5.20500000   5.17900000   5.17900000
  5.15300000   5.17900000   5.10200000
  5.05300000   5.05300000   5.33900000
  5.25800000   5.12800000   5.07700000
  5.07700000   5.48000000   5.36700000
  5.17900000   5.10200000   5.10200000
  5.48000000   5.28500000   5.15300000
  5.10200000   5.05300000   6.16600000
  5.53900000   5.36700000   5.07700000
  5.00400000   5.00400000   4.98000000
  6.09300000   6.09300000   6.05700000
  2.55100000   2.53900000   2.54500000
  5.00400000   4.93200000   4.93200000
  4.95600000   6.31600000   6.16600000
  6.12900000   6.12900000   6.16600000
  6.27800000   2.53900000   5.42300000
  5.28500000   5.10200000   4.93200000
  4.86300000   4.86300000   6.20200000
  6.12900000   6.09300000   6.09300000
  6.16600000   6.35500000   2.53900000
  2.53900000   5.36700000   5.28500000
  5.17900000   5.02800000   4.86300000
  4.86300000   6.09300000   6.02200000
  6.02200000   6.05700000   6.16600000
  6.31600000   2.53900000   2.54500000
  5.33900000   5.28500000   5.28500000
  5.10200000   4.90900000   4.86300000
  6.16600000   6.12900000   6.12900000
  6.16600000   6.27800000   6.51400000
  6.43400000   6.86000000   5.33900000
  5.31200000   5.33900000   5.28500000
  5.00400000   4.90900000   2.18100000
  2.18100000   2.17600000   2.17100000
  2.16200000   6.12900000   6.24000000
  6.59700000   6.68300000   6.77000000
  7.04600000   5.31200000   5.25800000
  5.31200000   5.28500000   5.00400000
  4.93200000   2.19000000   2.19000000
  2.19000000   1.39400000   1.39400000
  5.36700000   5.36700000   5.33900000
  5.39500000   5.42300000   5.28500000
  5.17900000   5.33900000   5.33900000
  5.42300000   5.48000000   5.56900000
  5.39500000   5.28500000   5.31200000
  5.45200000   5.53900000   5.62900000
  5.75400000   5.28500000   5.28500000
  5.36700000   5.45200000   5.56900000
  5.66000000   4.12700000   5.31200000
  5.36700000   5.48000000   5.62900000
  5.36700000   5.39500000   5.45200000
  6.39400100   5.45200000   5.45200000
  5.48000000   5.59900000   5.78700000
  5.85200000   6.16600000   5.59900000
  5.36700000   5.51000000   5.62900000
  5.33900000   5.36700000   5.31200000
  5.42300000   5.42300000   5.39500000
  5.45200000   5.23100000   5.33900000
  5.42300000   5.42300000   5.45200000
  5.39500000   5.25800000   5.20500000
  5.56900000   5.59900000   5.62900000
  5.56900000   5.25800000   5.59900000
  5.62900000   5.51000000   5.48000000
  5.33900000   5.36700000   2.74700000
  2.74000000   2.40300000   2.39800000
  2.40300000   2.39800000   5.59900000
  5.53900000   5.45200000   5.48000000
  5.51000000   5.48000000   5.42300000
  5.45200000   5.39500000   5.42300000
  2.70400000   2.74700000   2.75500000
  2.75500000   2.75500000   2.74000000
  2.69700000   2.60900000   2.55100000
  2.50200000   2.44900000   2.41400000
  2.40900000   2.40300000   2.40300000
  2.39200000   2.39200000   2.40300000
  2.52600000   5.51000000   5.45200000
  5.48000000   5.45200000   5.39500000
  5.36700000   5.36700000   5.45200000
  2.62200000   2.60900000   2.64200000
  2.67600000   2.68300000   2.70400000
  2.70400000   2.69700000   2.69700000
  2.69700000   2.67000000   2.63600000
  2.57700000   2.55800000   2.52600000
  2.46600000   2.43100000   2.42000000
  2.40900000   2.40300000   2.39200000
  2.39200000   2.40300000   2.40900000
  2.40300000   2.41400000   2.44900000
  2.49000000   2.49000000   5.15300000
  5.33900000   5.31200000   5.28500000
  5.28500000   5.28500000   5.39500000
  5.53900000   2.45500000   2.61600000
  2.63600000   2.63600000   2.64900000
  2.66300000   2.67000000   2.67000000
  2.66300000   2.65600000   2.67600000
  2.69000000   2.67600000   2.65600000
  2.62900000   2.61600000   2.58300000
  2.53300000   2.47200000   2.43700000
  2.41400000   2.40900000   2.40300000
  2.40300000   2.40900000   2.41400000
  2.42000000   2.46600000   2.52000000
  5.45200000   5.31200000   5.25800000
  5.25800000   5.23100000   5.23100000
  2.55800000   2.57000000   2.57000000
  2.57000000   2.44900000   2.44900000
  2.43700000   2.43700000   2.44900000
  2.46000000   2.64200000   2.64200000
  2.65600000   2.67000000   2.67000000
  2.67600000   2.67000000   2.66300000
  2.66300000   2.67000000   2.67000000
  2.66300000   2.65600000   2.64200000
  2.63600000   2.60900000   2.57000000
  2.52000000   2.46000000   2.43700000
  2.40900000   2.39200000   2.39200000
  2.38700000   2.39200000   2.38700000
  2.40300000   2.43100000   2.47800000
  5.25800000   5.28500000   5.25800000
  5.25800000   5.25800000   5.39500000
  2.53900000   2.55800000   2.57000000
  2.58300000   2.57700000   2.57700000
  2.62200000   2.45500000   2.46000000
  2.46000000   2.46000000   2.45500000
  2.47200000   2.49600000   2.50800000
  2.51400000   2.67000000   2.67000000
  2.66300000   2.64900000   2.64200000
  2.64900000   2.64900000   2.65600000
  2.64900000   2.63600000   2.62900000
  2.62200000   2.60300000   2.57700000
  2.53900000   2.50200000   2.47800000
  2.43700000   2.41400000   2.40900000
  2.41400000   2.41400000   2.39800000
  2.40900000   5.17900000   5.17900000
  5.20500000   5.23100000   2.54500000
  2.53900000   2.53300000   2.53900000
  2.55100000  2.50200000
  2.47   2.49000000
  2.50   2.49600000
  2.50   2.49000000
  2.47   2.46600000
  2.45   2.44300000
  2.48   2.51400000
  2.53   2.53900000
  2.55   2.57000000
  2.40   2.39200000
  2.39   2.37600000
  2.37   2.36500000
  2.54   2.55100000
  2.54   2.46000000
  2.48   2.49600000
  2.49   2.49000000
  2.48   2.46600000
  2.46   2.44300000
  2.43   2.46000000
  2.50   2.51400000
  2.53   2.55800000
  2.40   2.39800000
  2.40   2.39200000
  2.38   2.36500000
  2.54   2.56400000
  2.57   2.56400000
  2.58   2.38700000
  2.44   2.45500000
  2.47   2.48400000
  2.48   2.47800000
  2.47   2.46600000
  2.46   2.43700000
  2.42   2.44900000
  2.48   2.40300000
  2.40   2.39200000
  2.39   2.37600000
  2.35   2.34900000
  2.58   2.58300000
  2.58   2.44300000
  2.47   2.47800000
  2.47   2.45500000
  2.45   2.43700000
  2.41   2.38100000
  2.40   2.39200000
  2.39   2.39200000
  2.38   2.21300000
  2.45   2.46600000
  2.47   2.44900000
  2.44   2.43700000
  2.42   2.39800000
  2.39   2.39200000
  2.39   2.39200000
  2.39   2.37600000
  2.48   2.45500000
  2.44   2.42000000
  2.39   2.38700000
  2.38   2.37000000
  2.37   1.69000000
  2.53   2.38700000
  2.50   3.02000000
  2.99   0.53100000
  0.53   0.52700000
  0.53   0.52800000
  0.53   0.53100000
  0.53   0.52800000
  0.86   1.35200000
  1.34   1.55300000
  1.55   1.22700000
  1.23   1.19600000
  1.20  2.37000000
  2.35400000   2.34900000   2.33800000
  2.33300000   2.33800000   2.34300000
  2.34900000   2.44300000   2.46600000
  2.53300000   2.53900000   2.54500000
  2.55100000   2.55800000   2.55800000
  2.55800000   2.55800000   2.57000000
  2.58300000   2.59000000   2.60900000
  2.62900000   2.67600000   2.46000000
  2.46000000   2.44900000   2.44300000
  2.44300000   2.43700000   2.43100000
  2.43100000   2.43100000   2.43100000
  2.43100000   2.42600000   2.42600000
  2.42600000   2.43100000   2.49600000
  2.53900000   2.56400000   2.59000000
  2.60900000   2.60300000   2.59600000
  2.59000000   2.58300000   2.59600000
  2.60300000   2.59000000   2.59000000
  2.58300000   2.58300000   2.57700000
  2.55100000   2.51400000   2.49600000
  2.48400000   2.46600000   2.42600000
  2.41400000   2.41400000   2.40900000
  2.40300000   2.39200000   2.37600000
  2.37000000   2.36500000   2.34900000
  2.34900000   2.34300000   2.34300000
  2.34300000   2.34900000   2.35400000
  2.38100000   2.39200000   2.40300000
  2.42600000   2.42600000   2.43100000
  2.43700000   2.44900000   2.46600000
  2.52600000   2.53300000   2.54500000
  2.55100000   2.55100000   2.55100000
  2.55800000   2.55100000   2.56400000
  2.57000000   2.57700000   2.59000000
  2.62200000   2.66300000   2.48400000
  2.47800000   2.46000000   2.44300000
  2.43700000   2.43100000   2.43100000
  2.42000000   2.42600000   2.42600000
  2.42000000   2.42000000   2.42000000
  2.41400000   2.41400000   2.40900000
  2.40300000   2.42000000   2.43700000
  2.54500000   2.56400000   2.57700000
  2.56400000   2.57000000   2.56400000
  2.57700000   2.58300000   2.59000000
  2.58300000   2.58300000   2.57700000
  2.57700000   2.57000000   2.53900000
  2.50200000   2.49000000   2.48400000
  2.46600000   2.43700000   2.43100000
  2.43100000   2.42000000   2.41400000
  2.40300000   2.39200000   2.38100000
  2.37600000   2.35900000   2.34900000
  2.34300000   2.34300000   2.34300000
  2.35400000   2.35900000   2.37600000
  2.39800000   2.41400000   2.43100000
  2.43700000   2.44300000   2.44900000
  2.45500000   2.46600000   2.50800000
  2.52000000   2.53300000   2.54500000
  2.54500000   2.54500000   2.55800000
  2.55100000   2.56400000   2.57000000
  2.57700000   2.58300000   2.60900000
  2.51400000   2.45500000   2.44900000
  2.44300000   2.43100000   2.42600000
  2.42600000   2.42000000   2.41400000
  2.42000000   2.41400000   2.40900000
  2.40900000   2.40900000   2.40300000
  2.39200000   2.38100000   2.38100000
  2.38100000   2.39200000   2.43100000
  2.46600000   2.48400000   2.51400000
  2.51400000   2.53300000   2.55100000
  2.56400000   2.56400000   2.55800000
  2.55800000   2.55800000   2.54500000
  2.52000000   2.49000000   2.48400000
  2.47200000   2.45500000   2.44300000
  2.43100000   2.42600000   2.42000000
  2.40300000   2.39200000   2.38100000
  2.38100000   2.37600000   2.35900000
  2.34900000   2.34300000   2.34300000
  2.34300000   2.35400000   2.36500000
  2.37600000   2.39200000   2.40900000
  2.43100000   2.43700000   2.44300000
  2.44900000   2.44900000   2.45500000
  2.49000000   2.50800000   2.52600000
  2.53900000   2.54500000   2.54500000
  2.55800000   2.55100000   2.56400000
  2.57000000   2.59000000   2.60300000
  2.64200000   2.50200000   2.48400000
  2.46600000   2.45500000   2.43700000
  2.42600000   2.42000000   2.41400000
  2.40900000   2.40300000   2.40300000
  2.39800000   2.39800000   2.39800000
  2.39800000   2.39200000   2.38700000
  2.37600000   2.37600000   2.37000000
  2.37600000   2.39800000   2.43700000
  2.46000000   2.48400000   2.48400000
  2.49600000   2.51400000   2.52600000
  2.53300000   2.52600000   2.51400000
  2.50800000   2.49600000   2.47200000
  2.45500000   2.44900000   2.44900000
  2.44900000   2.43700000   2.43100000
  2.43100000   2.42000000   2.40300000
  2.39200000   2.38700000   2.38100000
  2.37000000   2.35900000   2.34900000
  2.34300000   2.34300000   2.35400000
  2.36500000   2.37600000   2.38700000
  2.40900000   2.42000000   2.43700000
  2.44300000   2.44900000   2.44900000
  2.44900000   2.44900000   2.47200000
  2.50200000   2.52000000   2.53900000
  2.55100000   2.55100000   2.55800000
  2.55800000   2.57000000   2.57700000
  2.60900000   2.63600000   2.50200000
  2.47200000   2.45500000   2.44900000
  2.43100000   2.42000000   2.40900000
  2.40300000   2.39800000   2.39200000
  2.38700000   2.38100000   2.38100000
  2.38100000   2.38100000   2.37600000
  2.37600000   2.36500000   2.37000000
  2.36500000   2.37000000   2.39800000
  2.42000000   2.43700000   2.45500000
  2.46000000   2.47200000   2.49000000
  2.49600000   2.50200000   2.49600000
  2.47800000   2.46600000   2.45500000
  2.44300000   2.44300000   2.44300000
  2.44300000   2.44300000   2.43700000
  2.43700000   2.43700000   2.42000000
  2.40300000   2.39800000   2.39200000
  2.38100000   2.38100000   2.36500000
  2.35400000   2.34900000   2.34900000
  2.35900000   2.37000000   2.38100000
  2.39200000   2.40300000   2.41400000
  2.43100000   2.43100000   2.43700000
  2.46000000   2.48400000   2.51400000
  2.53900000   2.54500000   2.55100000
  2.55800000   2.55100000   2.55800000
  2.56400000   2.59600000   2.63600000
  2.47200000   2.45500000   2.43700000
  2.42600000   2.41400000   2.40900000
  2.39800000   2.38700000   2.38100000
  2.37600000   2.37600000   2.37600000
  2.38100000   2.37600000   2.37600000
  2.37000000   2.37000000   2.37000000
  2.38100000   2.40900000   2.42600000
  2.43700000   2.44900000   2.46000000
  2.47200000   2.48400000   2.47800000
  2.47800000   2.47200000   2.46000000
  2.45500000   2.44300000   2.43700000
  2.44300000   2.44300000   2.44300000
  2.44900000   2.43700000   2.43700000
  2.43100000   2.42000000   2.40300000
  2.39800000   2.38700000   2.38100000
  2.38100000   2.36500000   2.35400000
  2.35400000   2.35400000   2.37000000
  2.38100000   2.38700000   2.39800000
  2.40900000   2.41400000   2.42600000
  2.47800000   2.51400000   2.53300000
  2.53900000   2.54500000   2.54500000
  2.55800000   2.57000000   2.60900000
  2.44900000   2.43700000   2.41400000
  2.40900000   2.39800000   2.39200000
  2.38700000   2.37600000   2.37000000
  2.36500000   2.35400000   2.34900000
  2.35900000   2.35400000   2.35900000
  2.35900000   2.35900000   2.37000000
  2.39800000   2.42000000   2.43100000
  2.43700000   2.44300000   2.44900000
  2.45500000   2.46000000   2.44900000
  2.44300000   2.44300000   2.43700000
  2.43700000   2.43100000   2.43100000
  2.43700000   2.44300000   2.44900000
  2.44900000   2.43700000   2.44300000
  2.43700000   2.42600000   2.40900000
  2.40300000   2.39200000   2.38700000
  2.38100000   2.36500000   2.35900000
  2.35900000   2.36500000   2.38100000
  2.39800000   2.40300000   2.40900000
  2.41400000   2.42000000   2.42000000
  2.41400000   2.53300000   2.54500000
  2.55800000   2.42600000   2.41400000
  2.40300000   2.37600000   2.37000000
  2.37600000   2.35400000   2.35900000
  2.35400000   2.34300000   2.34300000
  2.33800000   2.34900000   2.35900000
  2.39200000   2.42000000   2.43100000
  2.43700000   2.44300000   2.44300000
  2.45500000   2.44900000   2.43700000
  2.43100000   2.42000000   2.41400000
  2.42000000   2.42000000   2.42600000
  2.43700000   2.44900000   2.44900000
  2.44900000   2.43700000   2.43700000
  2.43100000   2.42000000   2.40300000
  2.39800000   2.39200000   2.39200000
  2.38700000   2.37600000   2.37000000
  2.37600000   2.38100000   2.39800000
  2.41400000   2.42000000   2.42000000
  2.42600000   2.43100000   2.43100000
  2.40900000   2.32800000   2.31700000
  2.32800000   2.33300000   2.35400000
  2.37000000   2.40300000   2.41400000
  2.42600000   2.43700000   2.43700000
  2.43700000   2.44300000   2.44300000
  2.43100000   2.42000000   2.41400000
  2.40900000   2.41400000   2.41400000
  2.42000000   2.43100000   2.44300000
  2.44300000   2.44300000   2.43700000
  2.43100000   2.43100000   2.42000000
  2.40300000   2.39800000   2.39200000
  2.39200000   2.38700000   2.38100000
  2.38100000   2.39800000   2.40900000
  2.42600000   2.44300000   2.44900000
  2.44900000   2.44900000   2.44300000
  2.43700000   2.39200000   2.40900000
  2.42600000   2.43700000   2.43700000
  2.44300000   2.44300000   2.44300000
  2.43700000   2.42600000   2.42000000
  2.40900000   2.40900000   2.40900000
  2.40900000   2.41400000   2.42600000
  2.43700000   2.43700000   2.43700000
  2.43700000   2.43100000   2.43100000
  2.42600000   2.40900000   2.40900000
  2.40900000   2.40300000   2.40300000
  2.40300000   2.41400000   2.42000000
  2.43700000   2.45500000   2.47800000
  2.47800000   2.47200000   2.46600000
  2.46600000   2.45500000   2.41400000
  2.43100000   2.44300000   2.43700000
  2.43700000   2.43700000   2.43700000
  2.43100000   2.42000000   2.41400000
  2.40900000   2.40900000   2.41400000
  2.42000000   2.42600000   2.43100000
  2.44300000   2.44300000   2.44300000
  2.43700000   2.43700000   2.43100000
  2.43100000   2.41400000   2.41400000
  2.41400000   2.40900000   2.40300000
  2.40900000   2.43700000   2.46600000
  2.50200000   2.52000000   2.52600000
  2.52600000   2.51400000   2.49600000
  2.48400000   2.46600000   2.43700000
  2.44300000   2.44300000   2.43700000
  2.43700000   2.43700000   2.42600000
  2.41400000   2.41400000   2.40900000
  2.41400000   2.41400000   2.42000000
  2.42600000   2.43700000   2.44300000
  2.44300000   2.44300000   2.44300000
  2.43100000   2.43100000   2.42600000
  2.42000000   2.41400000   2.41400000
  2.40900000   2.40900000   2.40900000
  2.42600000   2.45500000   2.50800000
  2.54500000   2.54500000   2.55100000
  2.54500000   2.53900000   2.52600000
  2.50800000   2.47800000   2.43700000
  2.44900000   2.44300000   2.43700000
  2.43100000   2.42600000   2.42000000
  2.40900000   2.40900000   2.40300000
  2.40900000   2.40900000   2.42000000
  2.42600000   2.43100000   2.44300000
  2.44300000   2.44300000   2.43700000
  2.43100000   2.43100000   2.43100000
  2.42000000   2.42000000   2.42000000
  2.41400000   2.42000000   2.42000000
  2.43100000   2.45500000   2.51400000
  2.53900000   2.53900000   2.54500000
  2.53900000   2.53900000   2.53300000
  2.52000000   2.49600000   2.47800000
  2.44900000   2.45500000   2.44900000
  2.43700000   2.43100000   2.42000000
  2.41400000   2.40900000   2.40300000
  2.40300000   2.40300000   2.40300000
  2.40900000   2.42000000   2.42600000
  2.43100000   2.43700000   2.44300000
  2.43700000   2.43100000   2.43100000
  2.42600000   2.42000000   2.42000000
  2.42000000   2.42000000   2.42000000
  2.42000000   2.43100000   2.46600000
  2.55100000   2.54500000   2.53900000
  2.53300000   2.52600000   2.51400000
  2.49600000   2.48400000   2.46000000
  2.46000000   2.45500000   2.44300000
  2.43700000   2.42600000   2.42000000
  2.41400000   2.41400000   2.40900000
  2.41400000   2.40900000   2.41400000
  2.42000000   2.42000000   2.42600000
  2.43700000   2.44900000   2.44900000
  2.43700000   2.43700000   2.43700000
  2.43100000   2.42600000   2.42600000
  2.42000000   2.42600000   2.52000000
  2.51400000   2.50200000   2.48400000
  2.53300000   2.46600000   2.47200000
  2.46000000   2.45500000   2.44300000
  2.43700000   2.42600000   2.42000000
  2.42600000   2.41400000   2.43100000
  2.43100000   2.43700000   2.44900000
  2.44900000   2.45500000   2.49000000
  2.47800000   2.46000000   2.44300000
  2.43700000   2.43700000   2.42600000
  2.42600000   2.42000000   2.42600000
  2.50200000   2.49000000   2.48400000
  2.46600000   2.48400000   2.47200000
  2.47200000   2.46600000   2.45500000
  2.44300000   2.43700000   2.45500000
  2.44900000   2.46600000   2.48400000
  2.48400000   2.50800000   2.51400000
  2.44300000   2.43700000   2.42600000
  2.42600000   2.42000000   2.43100000
  2.48400000   2.47200000   2.46600000
  2.48400000   2.47800000   2.47800000
  2.47200000   2.46000000   2.46000000
  2.54500000   2.55100000   2.42600000
  2.42600000   2.54500000   2.47200000
  2.49000000   2.47800000   2.47800000
  2.47800000   2.47200000   2.42600000
  2.43700000   2.47200000   2.46600000
  2.50200000   2.49000000   2.47800000
  2.47800000   2.47800000   2.43100000
  2.43100000   2.50800000   2.49000000
  2.48400000   2.48400000   2.44300000
  2.43700000   1.16500000   0.87700000
  2.51400000   2.49600000   2.49000000
  2.44300000   2.43100000   2.43100000
  2.43700000   2.45500000   2.50800000
  2.52000000   2.50800000   2.50200000
  2.49600000   2.49600000   0.87600000
  2.51400000   2.50200000   2.49000000
  2.44300000   2.44300000   2.43700000
  2.43700000   2.44900000   2.47200000
  2.52000000   2.51400000   2.52000000
  2.52600000   2.51400000   2.50800000
  2.50200000   2.49600000   2.49000000
  0.87600000   2.51400000   2.51400000
  2.44300000   2.43700000   2.43700000
  2.43700000   2.43100000   2.43700000
  2.45500000   2.47200000   2.48400000
  2.49600000   2.50200000   2.49600000
  2.49600000   2.49000000   2.48400000
  0.87600000   2.52600000   2.52000000
  2.44900000   2.44300000   2.43700000
  2.43700000   2.43700000   2.43100000
  2.43700000   2.44300000   2.47800000
  2.49000000   2.50200000   2.51400000
  2.50800000   2.50800000   2.50800000
  2.49600000   2.53900000   2.52600000
  2.52000000   2.52000000   2.56400000
  2.47800000   2.46000000   2.44900000
  2.44300000   2.43700000   2.43100000
  2.43100000   2.42600000   2.43100000
  2.43700000   2.46000000   2.46000000
  2.48400000   2.49600000   2.50200000
  2.50200000   2.50200000   2.56400000
  2.54500000   2.53300000   2.52600000
  2.52000000   2.51400000   2.50800000
  2.55800000   2.55800000   2.55800000
  2.56400000   2.56400000   2.57700000
  2.53300000   2.46600000   2.44300000
  2.43700000   2.43100000   2.42600000
  2.42600000   2.42000000   2.42600000
  2.42600000   2.43700000   2.44300000
  2.46600000   2.47200000   2.48400000
  2.49000000   2.49000000   2.54500000
  2.53300000   2.52600000   2.52000000
  2.52000000   2.51400000   2.50800000
  2.50200000   2.49600000   2.49600000
  2.50800000   2.53300000   2.54500000
  2.55100000   2.55100000   2.56400000
  2.56400000   2.57000000   2.47800000
  2.45500000   2.44300000   2.43100000
  2.42000000   2.42000000   2.41400000
  2.42600000   2.42600000   2.49600000
  2.50800000   2.50200000   2.50800000
  2.50800000   2.50800000   2.51400000
  2.50800000   2.50200000   2.49600000
  2.48400000   2.47800000   2.46600000
  2.46600000   2.50200000   2.52600000
  2.53300000   2.53300000   2.55100000
  2.55800000   2.57000000   2.44300000
  2.43100000   2.41400000   2.40300000
  2.39800000   2.39200000   2.39200000
  2.39800000   2.49600000   2.50800000
  2.50200000   2.47200000   2.49000000
  2.50200000   2.49600000   2.49600000
  2.49000000   2.47200000   2.46600000
  2.44900000   2.44300000   2.47800000
  2.51400000   2.52600000   2.53900000
  2.55100000   2.57000000   2.39800000
  2.39200000   2.38700000   2.37600000
  2.37000000   2.36500000   2.54500000
  2.55100000   2.54500000   2.46000000
  2.47800000   2.49600000   2.49000000
  2.49000000   2.48400000   2.46600000
  2.45500000   2.44300000   2.43100000
  2.46000000   2.49600000   2.51400000
  2.53300000   2.55800000   2.40300000
  2.39800000   2.39800000   2.39200000
  2.37600000   2.36500000   2.54500000
  2.56400000   2.57000000   2.56400000
  2.58300000   2.38700000   2.44300000
  2.45500000   2.47200000   2.48400000
  2.48400000   2.47800000   2.46600000
  2.46600000   2.45500000   2.43700000
  2.42000000   2.44900000   2.47800000
  2.40300000   2.39800000   2.39200000
  2.39200000   2.37600000   2.35400000
  2.34900000   2.58300000   2.58300000
  2.57700000   2.44300000   2.47200000
  2.47800000   2.46600000   2.45500000
  2.44900000   2.43700000   2.41400000
  2.38100000   2.39800000   2.39200000
  2.39200000   2.39200000   2.37600000
  2.21300000   2.44900000   2.46600000
  2.47200000   2.44900000   2.43700000
  2.43700000   2.42000000   2.39800000
  2.39200000   2.39200000   2.38700000
  2.39200000   2.39200000   2.37600000
  2.47800000   2.45500000   2.43700000
  2.42000000   2.38700000   2.38700000
  2.38100000   2.37000000   2.36500000
  1.69000000   2.53300000   2.38700000
  2.50200000   3.02000000   2.99400000
  0.53100000   0.52900000   0.52700000
  0.53000000   0.52800000   0.52600000
  0.53100000   0.53000000   0.52800000
  0.85700000   1.35200000   1.34300000
  1.55300000   1.55100000   1.22700000
  1.22900000   1.19600000   1.20400000
